0,25.00,0.729428
5,24.96,0.563509
10,24.92,0.442591
15,24.89,0.374902
20,24.85,0.328316
25,24.81,0.301157
30,24.77,0.284942
35,24.74,0.266934
40,24.70,0.248300
45,24.66,0.224337
50,24.62,0.194449
55,24.59,0.162148
60,24.55,0.136060
65,24.51,0.118793
70,24.47,0.107652
75,24.44,0.100859
80,24.40,0.096029
85,24.36,0.092244
90,24.32,0.091300
95,24.29,0.087500
100,24.25,0.085558
105,24.21,0.083410
110,24.17,0.081512
115,24.14,0.079270
120,24.10,0.076550
125,24.06,0.073072
130,24.02,0.069852
135,23.99,0.062177
140,23.95,0.061092
145,23.91,0.046763
150,23.87,0.039666
155,23.84,0.031202
160,23.80,0.025810
165,23.76,0.020865
170,23.72,0.017166
175,23.69,0.014381
180,23.65,0.012474
185,23.61,0.010636
190,23.57,0.009336
195,23.54,0.008224
200,23.50,0.007347
205,23.46,0.006656
210,23.42,0.006189
215,23.39,0.005532
220,23.35,0.004991
225,23.31,0.004582
230,23.27,0.004177
235,23.24,0.003993
240,23.20,0.003774
245,23.16,0.003517
250,23.12,0.003267
255,23.09,0.003146
260,23.05,0.002891
265,23.01,0.002759
270,22.97,0.002672
275,22.94,0.002422
280,22.90,0.002306
285,22.86,0.002293
290,22.82,0.002173
295,22.79,0.002080
300,22.75,0.001878
305,22.71,0.001879
310,22.67,0.001754
315,22.64,0.001709
320,22.60,0.001724
325,22.56,0.001639
330,22.52,0.001517
335,22.49,0.001476
340,22.45,0.001398
345,22.41,0.001384
350,22.37,0.001320
355,22.34,0.001241
360,22.30,0.001272
365,22.26,0.001213
370,22.22,0.001143
375,22.19,0.001066
380,22.15,0.001077
385,22.11,0.001093
390,22.07,0.000990
395,22.04,0.000963
400,22.00,0.000955
405,21.96,0.000910
410,21.92,0.000884
415,21.89,0.000899
420,21.85,0.000819
425,21.81,0.000843
430,21.77,0.000829
435,21.74,0.000796
440,21.70,0.000764
445,21.66,0.000727
450,21.62,0.000730
455,21.59,0.000733
460,21.55,0.000702
465,21.51,0.000683
470,21.47,0.000705
475,21.44,0.000703
480,21.40,0.000632
485,21.36,0.000609
490,21.32,0.000601
495,21.29,0.000612
500,21.25,0.000592
505,21.21,0.000573
510,21.17,0.000592
515,21.14,0.000546
520,21.10,0.000516
525,21.06,0.000521
530,21.02,0.000550
535,20.99,0.000513
540,20.95,0.000510
545,20.91,0.000479
550,20.87,0.000474
555,20.84,0.000483
560,20.80,0.000509
565,20.76,0.000473
570,20.72,0.000456
575,20.69,0.002257
580,20.65,0.604588
585,20.61,0.365365
590,20.57,0.201781
595,20.54,0.124162
600,20.50,0.102735
605,20.46,0.080034
610,20.42,0.072086
615,20.39,0.064593
620,20.35,0.057280
625,20.31,0.051896
630,20.27,0.046337
635,20.24,0.042684
640,20.20,0.038948
645,20.16,0.034946
650,20.12,0.030952
655,20.09,0.026774
660,20.05,0.023349
665,20.01,0.020542
670,19.97,0.018030
675,19.93,0.015706
680,19.90,0.013826
685,19.86,0.012096
690,19.82,0.010590
695,19.78,0.009415
700,19.75,0.008206
705,19.71,0.007311
710,19.67,0.006678
715,19.63,0.005955
720,19.60,0.005299
725,19.56,0.004935
730,19.52,0.004356
735,19.48,0.004180
740,19.45,0.003720
745,19.41,0.003418
750,19.37,0.003134
755,19.33,0.003006
760,19.30,0.002785
765,19.26,0.002573
770,19.22,0.002420
775,19.18,0.002391
780,19.15,0.002198
785,19.11,0.002227
790,19.07,0.002066
795,19.03,0.001991
800,19.00,0.001805
805,18.96,0.001811
810,18.92,0.001815
815,18.88,0.001707
820,18.85,0.001687
825,18.81,0.001651
830,18.77,0.001480
835,18.73,0.001462
840,18.70,0.001453
845,18.66,0.001357
850,18.62,0.001330
855,18.58,0.001302
860,18.55,0.001256
865,18.51,0.001258
870,18.47,0.001317
875,18.43,0.001210
880,18.40,0.001124
885,18.36,0.001187
890,18.32,0.001179
895,18.28,0.001150
900,18.25,0.001118
905,18.21,0.001143
910,18.17,0.001059
915,18.13,0.001032
920,18.10,0.001002
925,18.06,0.000977
930,18.02,0.000938
935,17.98,0.001009
940,17.95,0.000974
945,17.91,0.000951
950,17.87,0.000874
955,17.83,0.000876
960,17.80,0.000856
965,17.76,0.000888
970,17.72,0.000925
975,17.68,0.000895
980,17.65,0.000913
985,17.61,0.000901
990,17.57,0.000830
995,17.53,0.000879
1000,17.50,0.000801
1005,17.46,0.000842
1010,17.42,0.000834
1015,17.38,0.000737
1020,17.35,0.000762
1025,17.31,0.000765
1030,17.27,0.000789
1035,17.23,0.000727
1040,17.20,0.000810
1045,17.16,0.000714
1050,17.12,0.000766
1055,17.08,0.000855
1060,17.05,0.000745
1065,17.01,0.000739
1070,16.97,0.000756
1075,16.93,0.000757
1080,16.90,0.000736
1085,16.86,0.000735
1090,16.82,0.000673
1095,16.78,0.000746
1100,16.75,0.000631
1105,16.71,0.000753
1110,16.67,0.000664
1115,16.63,0.000682
1120,16.60,0.000705
1125,16.56,0.000709
1130,16.52,0.000730
1135,16.48,0.000690
1140,16.45,0.000741
1145,16.41,0.000638
1150,16.37,0.000759
1155,16.33,0.000694
1160,16.30,0.000647
1165,16.26,0.000638
1170,16.22,0.000681
1175,16.18,0.000678
1180,16.15,0.000729
1185,16.11,0.000617
1190,16.07,0.000699
1195,16.03,0.000584
1200,16.00,0.000666
1205,15.96,0.000691
1210,15.92,0.000717
1215,15.88,0.000758
1220,15.85,0.000731
1225,15.81,0.000666
1230,15.77,0.000578
1235,15.73,0.000661
1240,15.70,0.000664
1245,15.66,0.000669
1250,15.62,0.000653
1255,15.58,0.000656
1260,15.55,0.000657
1265,15.51,0.000752
1270,15.47,0.000686
1275,15.43,0.000652
1280,15.40,0.000660
1285,15.36,0.000641
1290,15.32,0.000729
1295,15.28,0.000815
1300,15.25,0.000795
1305,15.21,0.000789
1310,15.17,0.000840
1315,15.13,0.000649
1320,15.10,0.000644
1325,15.06,0.000806
1330,15.02,0.000734
1335,14.98,0.000698
1340,14.94,0.000667
1345,14.91,0.000679
1350,14.87,0.000702
1355,14.83,0.000737
1360,14.79,0.000799
1365,14.76,0.000712
1370,14.72,0.000784
1375,14.68,0.000680
1380,14.64,0.000845
1385,14.61,0.000829
1390,14.57,0.000736
1395,14.53,0.000765
1400,14.49,0.000798
1405,14.46,0.000689
1410,14.42,0.000660
1415,14.38,0.000791
1420,14.34,0.000706
1425,14.31,0.000817
1430,14.27,0.000761
1435,14.23,0.000719
1440,14.19,0.000768
1445,14.16,0.001062
1450,14.12,0.000675
1455,14.08,0.000672
1460,14.04,0.000669
1465,14.01,0.000772
1470,13.97,0.000865
1475,13.93,0.000839
1480,13.89,0.000759
1485,13.86,0.000866
1490,13.82,0.000857
1495,13.78,0.000890
1500,13.74,0.000975
1505,13.71,0.002118
1510,13.67,0.380098
1515,13.63,0.614677
1520,13.59,0.381020
1525,13.56,0.229671
1530,13.52,0.123558
1535,13.48,0.079719
1540,13.44,0.073381
1545,13.41,0.056501
1550,13.37,0.046304
1555,13.33,0.039349
1560,13.29,0.033594
1565,13.26,0.029529
1570,13.22,0.026501
1575,13.18,0.024107
1580,13.14,0.021506
1585,13.11,0.020419
1590,13.07,0.017835
1595,13.03,0.016266
1600,12.99,0.014983
1605,12.96,0.013303
1610,12.92,0.012646
1615,12.88,0.011325
1620,12.84,0.009946
1625,12.81,0.009687
1630,12.77,0.009332
1635,12.73,0.008526
1640,12.69,0.008164
1645,12.66,0.008065
1650,12.62,0.007052
1655,12.58,0.006891
1660,12.54,0.006736
1665,12.51,0.005714
1670,12.47,0.006400
1675,12.43,0.005560
1680,12.39,0.006175
1685,12.36,0.005460
1690,12.32,0.004648
1695,12.28,0.005372
1700,12.24,0.005211
1705,12.21,0.004575
1710,12.17,0.004784
1715,12.13,0.004300
1720,12.09,0.004643
1725,12.06,0.004950
1730,12.02,0.004225
1735,11.98,0.004930
1740,11.94,0.004791
1745,11.91,0.004132
1750,11.87,0.004074
1755,11.83,0.004627
1760,11.79,0.004491
1765,11.76,0.004235
1770,11.72,0.004115
1775,11.68,0.003774
1780,11.64,0.003290
1785,11.61,0.004032
1790,11.57,0.003849
1795,11.53,0.004190
1800,11.49,0.004068
1805,11.46,0.003460
1810,11.42,0.004127
1815,11.38,0.004517
1820,11.34,0.013062
1825,11.31,0.139328
1830,11.27,0.125886
1835,11.23,0.076333
1840,11.19,0.058178
1845,11.16,0.048063
1850,11.12,0.038601
1855,11.08,0.029401
1860,11.04,0.024991
1865,11.01,0.022075
1870,10.97,0.019737
1875,10.93,0.016499
1880,10.89,0.015044
1885,10.86,0.014315
1890,10.82,0.013024
1895,10.78,0.012572
1900,10.74,0.012313
1905,10.71,0.010912
1910,10.67,0.009851
1915,10.63,0.009907
1920,10.59,0.009543
1925,10.56,0.009504
1930,10.52,0.009222
1935,10.48,0.008262
1940,10.44,0.009366
1945,10.41,0.009324
1950,10.37,0.008346
1955,10.33,0.008455
1960,10.29,0.007871
1965,10.26,0.007454
1970,10.22,0.008774
1975,10.18,0.007836
1980,10.14,0.007543
1985,10.11,0.007310
1990,10.07,0.007175
1995,10.03,0.007331

