0,1.304608
5,1.566652
10,0.458876
15,0.415792
20,0.382238
25,0.320117
30,0.315673
35,0.302154
40,0.295109
45,0.289877
50,0.283063
55,0.278437
60,0.272458
65,0.265926
70,0.258474
75,0.249543
80,0.237433
85,0.221906
90,0.205187
95,0.187507
100,0.163323
105,0.146016
110,0.131889
115,0.121618
120,0.113941
125,0.108023
130,0.104879
135,0.100581
140,0.097304
145,0.094913
150,0.092137
155,0.091591
160,0.089497
165,0.088120
170,0.084544
175,0.083119
180,0.079596
185,0.076892
190,0.072603
195,0.067751
200,0.062688
205,0.056608
210,0.051922
215,0.046227
220,0.040277
225,0.036373
230,0.031908
235,0.029130
240,0.024811
245,0.022401
250,0.019787
255,0.018006
260,0.018130
265,0.025130
270,0.023388
275,0.019495
280,0.016569
285,0.014710
290,0.012426
295,0.011419
300,0.010772
305,0.009721
310,0.009026
315,0.008205
320,0.008423
325,0.006970
330,0.006910
335,0.006999
340,0.006515
345,0.006050
350,0.005567
355,0.005650
360,0.005270
365,0.005058
370,0.004660
375,0.004563
380,0.004652
385,0.004435
390,0.003961
395,0.004211
400,0.004610
405,0.003669
410,0.003276
415,0.004411
420,0.003815
425,0.003481
430,0.003382
435,0.003133
440,0.003124
445,0.003407
450,0.002712
455,0.003129
460,0.002396
465,0.002841
470,0.002550
475,0.003669
480,0.002864
485,0.003261
490,0.002717
495,0.002498
500,0.002669
505,0.002275
510,0.002996
515,0.002101
520,0.002179
525,0.002433
530,0.002244
535,0.002282
540,0.001973
545,0.001842
550,0.001954
555,0.001502
560,0.001990
565,0.002407
570,0.001654
575,0.002082
580,0.001944
585,0.001350
590,0.001749
595,0.001361
600,0.001713
605,0.001757
610,0.001721
615,0.001258
620,0.001706
625,0.001596
630,0.001882
635,0.002774
640,0.001464
645,0.001714
650,0.001304
655,0.001333
660,0.001259
665,0.001552
670,0.001644
675,0.001098
680,0.001334
685,0.001343
690,0.001291
695,0.001514
700,0.001257
705,0.001127
710,0.001190
715,0.001293
720,0.001149
725,0.001647
730,0.001144
735,0.001041
740,0.001277
745,0.001229
750,0.001403
755,0.001250
760,0.001426
765,0.001135
770,0.001032
775,0.001333
780,0.001361
785,0.000698
790,0.001530
795,0.001122
800,0.000690
805,0.001149
810,0.001333
815,0.001302
820,0.001736
825,0.001528
830,0.001551
835,0.001185
840,0.001089
845,0.001000
850,0.001342
855,0.000965
860,0.001428
865,0.001550
870,0.001525
875,0.000946
880,0.000588
885,0.001040
890,0.000943
895,0.000628
900,0.000939
905,0.000685
910,0.001160
915,0.000744
920,0.001173
925,0.001096
930,0.001602
935,0.000820
940,0.000622
945,0.001164
950,0.000959
955,0.000799
960,0.000923
965,0.000786
970,0.000668
975,0.000913
980,0.001061
985,0.000666
990,0.000953
995,0.001386
1000,0.001000
1005,0.000954
1010,0.001198
1015,0.000678
1020,0.000768
1025,0.000900
1030,0.000667
1035,0.000968
1040,0.001200
1045,0.000453
1050,0.000923
1055,0.000827
1060,0.000944
1065,0.000693
1070,0.000887
1075,0.000754
1080,0.001011
1085,0.001387
1090,0.000812
1095,0.000885
1100,0.000737
1105,0.000803
1110,0.000812
1115,0.000405
1120,0.000844
1125,0.000604
1130,0.000953
1135,0.000493
1140,0.000481
1145,0.000902
1150,0.000986
1155,0.000920
1160,0.000992
1165,0.000922
1170,0.000943
1175,0.000892
1180,0.000838
1185,0.000529
1190,0.000671
1195,0.000515
1200,0.000524
1205,0.001067
1210,0.000530
1215,0.000783
1220,0.000652
1225,0.000609
1230,0.000817
1235,0.001549
1240,0.001253
1245,0.000958
1250,0.000762
1255,0.000817
1260,0.001016
1265,0.000780
1270,0.000827
1275,0.000793
1280,0.000473
1285,0.000737
1290,0.000697
1295,0.001174
1300,0.000906
1305,0.000800
1310,0.000676
1315,0.000714
1320,0.000957
1325,0.000654
1330,0.000746
1335,0.001057
1340,0.000541
1345,0.000275
1350,0.000704
1355,0.000370
1360,0.000716
1365,0.000606
1370,0.000603
1375,0.000494
1380,0.000565
1385,0.000613
1390,0.000424
1395,0.000331
1400,0.000450
1405,0.000556
1410,0.000695
1415,0.001416
1420,0.000520
1425,0.000447
1430,0.000981
1435,0.000892
1440,0.001244
1445,0.001407
1450,0.000959
1455,0.000618
1460,0.000867
1465,0.000741
1470,0.000497
1475,0.000390
1480,0.000740
1485,0.000986
1490,0.000616
1495,0.000718
1500,0.000937
1505,0.000491
1510,0.000569
1515,0.000305
1520,0.000352
1525,0.000480
1530,0.000299
1535,0.001188
1540,0.000290
1545,0.000400
1550,0.000923
1555,0.000520
1560,0.000969
1565,0.000822
1570,0.000444
1575,0.000524
1580,0.000592
1585,0.000399
1590,0.000693
1595,0.000328
1600,0.000768
1605,0.000863
1610,0.000672
1615,0.000495
1620,0.000608
1625,0.000498
1630,0.000419
1635,0.000540
1640,0.000378
1645,0.000503
1650,0.000531
1655,0.000878
1660,0.000527
1665,0.000644
1670,0.000845
1675,0.000471
1680,0.000460
1685,0.000541
1690,0.000802
1695,0.000434
1700,0.000805
1705,0.000506
1710,0.000564
1715,0.000397
1720,0.000625
1725,0.000632
1730,0.001238
1735,0.000653
1740,0.000576
1745,0.000551
1750,0.001043
1755,0.001128
1760,0.000750
1765,0.001187
1770,0.000651
1775,0.000311
1780,0.000461
1785,0.000327
1790,0.000934
1795,0.000674
1800,0.000202
1805,0.000645
1810,0.000531
1815,0.000599
1820,0.000566
1825,0.000577
1830,0.000671
1835,0.000780
1840,0.000567
1845,0.000448
1850,0.000817
1855,0.000752
1860,0.000250
1865,0.000468
1870,0.001028
1875,0.000470
1880,0.000749
1885,0.000678
1890,0.000495
1895,0.000475
1900,0.000844
1905,0.000350
1910,0.000626
1915,0.000417
1920,0.000754
1925,0.000282
1930,0.000513
1935,0.000507
1940,0.000466
1945,0.000717
1950,0.000399
1955,0.000406
1960,0.000270
1965,0.000385
1970,0.000263
1975,0.000752
1980,0.000711
1985,0.000218
1990,0.000441
1995,0.000981

