0,0.727698
5,0.534696
10,0.411139
15,0.345172
20,0.316954
25,0.299491
30,0.281349
35,0.264727
40,0.245338
45,0.220935
50,0.190620
55,0.158542
60,0.133767
65,0.117540
70,0.107972
75,0.101896
80,0.097597
85,0.094190
90,0.091595
95,0.088789
100,0.086419
105,0.084541
110,0.081572
115,0.078459
120,0.074016
125,0.069576
130,0.064161
135,0.057216
140,0.051982
145,0.041850
150,0.037910
155,0.034989
160,0.029314
165,0.023252
170,0.021608
175,0.022837
180,0.018209
185,0.020408
190,0.016670
195,0.015758
200,0.012278
205,0.012056
210,0.014028
215,0.011277
220,0.009205
225,0.011158
230,0.011251
235,0.008126
240,0.008717
245,0.007877
250,0.008371
255,0.007693
260,0.007881
265,0.008071
270,0.007166
275,0.007055
280,0.010798
285,0.091471
290,0.079099
295,0.062846
300,0.054099
305,0.042472
310,0.034591
315,0.028377
320,0.024566
325,0.017604
330,0.017412
335,0.015043
340,0.013388
345,0.014120
350,0.010543
355,0.010190
360,0.009900
365,0.009185
370,0.010687
375,0.007710
380,0.007996
385,0.008743
390,0.006643
395,0.009023
400,0.008473
405,0.007169
410,0.006934
415,0.008373
420,0.006709
425,0.008045
430,0.006418
435,0.009530
440,0.008383
445,0.009630
450,0.006749
455,0.006106
460,0.006653
465,0.006153
470,0.010100
475,0.006899
480,0.006118
485,0.005406
490,0.006686
495,0.006253
500,0.010615
505,0.005108
510,0.008135
515,0.006319
520,0.003991
525,0.007287
530,0.005251
535,0.008716
540,0.005566
545,0.006225
550,0.007174
555,0.004921
560,0.004478
565,0.003802
570,0.004711
575,0.003642
580,0.004401
585,0.006106
590,0.005916
595,0.006565
600,0.008216
605,0.005535
610,0.005105
615,0.004658
620,0.004492
625,0.004366
630,0.005013
635,0.005314
640,0.005490
645,0.003113
650,0.006083
655,0.005101
660,0.004801
665,0.005088
670,0.007928
675,0.004532
680,0.005474
685,0.002978
690,0.004488
695,0.006464
700,0.004667
705,0.004096
710,0.003234
715,0.003579
720,0.003898
725,0.004925
730,0.005842
735,0.004081
740,0.003512
745,0.004537
750,0.005111
755,0.004759
760,0.004519
765,0.004916
770,0.005833
775,0.004005
780,0.003941
785,0.003895
790,0.003153
795,0.003785
800,0.003311
805,0.004005
810,0.004067
815,0.003257
820,0.003791
825,0.002016
830,0.003734
835,0.003737
840,0.005726
845,0.003964
850,0.004026
855,0.006115
860,0.005973
865,0.004471
870,0.005979
875,0.004365
880,0.003174
885,0.004502
890,0.005395
895,0.003539
900,0.003274
905,0.004201
910,0.002746
915,0.003031
920,0.006294
925,0.004316
930,0.006095
935,0.005156
940,0.005817
945,0.004065
950,0.003665
955,0.003314
960,0.006571
965,0.004536
970,0.003058
975,0.004538
980,0.004253
985,0.002864
990,0.002877
995,0.003177
1000,0.004394
1005,0.003851
1010,0.004179
1015,0.003947
1020,0.002952
1025,0.006502
1030,0.005051
1035,0.004712
1040,0.005811
1045,0.007229
1050,0.004401
1055,0.002506
1060,0.005344
1065,0.006643
1070,0.003669
1075,0.002601
1080,0.005235
1085,0.005565
1090,0.006704
1095,0.006605
1100,0.004876
1105,0.005644
1110,0.004153
1115,0.003473
1120,0.003707
1125,0.002710
1130,0.005182
1135,0.002844
1140,0.005072
1145,0.005593
1150,0.003571
1155,0.003905
1160,0.002792
1165,0.003922
1170,0.003306
1175,0.004102
1180,0.005187
1185,0.006892
1190,0.003900
1195,0.002941
1200,0.004801
1205,0.004319
1210,0.003493
1215,0.005260
1220,0.004422
1225,0.003301
1230,0.004793
1235,0.003402
1240,0.004358
1245,0.004317
1250,0.003714
1255,0.004254
1260,0.002962
1265,0.002200
1270,0.004697
1275,0.004174
1280,0.005277
1285,0.004614
1290,0.002768
1295,0.004509
1300,0.002973
1305,0.004046
1310,0.003539
1315,0.003505
1320,0.004520
1325,0.005049
1330,0.003351
1335,0.004037
1340,0.004120
1345,0.002932
1350,0.003470
1355,0.004296
1360,0.005780
1365,0.003839
1370,0.003572
1375,0.004072
1380,0.005551
1385,0.002382
1390,0.002742
1395,0.004154
1400,0.003465
1405,0.002588
1410,0.002092
1415,0.004872
1420,0.002752
1425,0.003038
1430,0.005243
1435,0.003926
1440,0.002730
1445,0.003341
1450,0.005338
1455,0.004069
1460,0.004339
1465,0.003305
1470,0.003620
1475,0.003821
1480,0.003351
1485,0.004191
1490,0.003058
1495,0.004207
1500,0.003278
1505,0.001633
1510,0.001785
1515,0.002811
1520,0.003936
1525,0.006003
1530,0.002871
1535,0.003620
1540,0.005192
1545,0.004146
1550,0.003183
1555,0.006357
1560,0.004420
1565,0.005160
1570,0.003648
1575,0.003506
1580,0.005108
1585,0.006262
1590,0.006383
1595,0.004371
1600,0.002064
1605,0.004306
1610,0.003599
1615,0.003459
1620,0.002847
1625,0.003353
1630,0.003819
1635,0.003134
1640,0.005487
1645,0.002868
1650,0.005770
1655,0.007025
1660,0.003688
1665,0.005465
1670,0.003969
1675,0.002956
1680,0.003362
1685,0.003391
1690,0.003698
1695,0.002611
1700,0.003170
1705,0.004197
1710,0.004475
1715,0.006052
1720,0.006037
1725,0.003111
1730,0.003156
1735,0.002883
1740,0.005790
1745,0.002702
1750,0.002693
1755,0.003825
1760,0.004033
1765,0.002572
1770,0.004989
1775,0.004198
1780,0.002659
1785,0.002850
1790,0.002332
1795,0.003406
1800,0.002916
1805,0.003935
1810,0.004139
1815,0.003673
1820,0.002907
1825,0.003510
1830,0.002614
1835,0.004195
1840,0.003384
1845,0.002960
1850,0.001838
1855,0.004522
1860,0.004356
1865,0.002402
1870,0.004647
1875,0.003354
1880,0.005544
1885,0.004492
1890,0.005760
1895,0.004644
1900,0.004464
1905,0.003963
1910,0.002618
1915,0.004455
1920,0.003843
1925,0.003069
1930,0.004418
1935,0.002868
1940,0.002687
1945,0.004354
1950,0.003996
1955,0.002338
1960,0.003271
1965,0.005230
1970,0.004182
1975,0.002910
1980,0.002629
1985,0.003886
1990,0.002810
1995,0.003689
